450.000000 401.000000 44.000000
340.000000 305.000000 49.000000
431.000000 101.000000 57.000000
441.000000 75.000000 82.000000
323.000000 437.000000 46.000000
223.000000 114.000000 44.000000
62.000000 364.000000 53.000000
341.000000 376.000000 55.000000
79.000000 136.000000 67.000000
308.000000 314.000000 64.000000
387.000000 452.000000 42.000000
463.000000 218.000000 79.000000
282.000000 301.000000 86.000000
464.000000 180.000000 66.000000
205.000000 306.000000 68.000000
319.000000 134.000000 49.000000
422.000000 450.000000 73.000000
175.000000 60.000000 77.000000
201.000000 386.000000 78.000000
463.000000 334.000000 58.000000
